0 154 285 154 285 179 0 179 Person 0
11 183 23 183 23 212.99999999999997 11 212.99999999999997 Person 0
20 177 32 177 32 213.99999999999997 20 213.99999999999997 Person 0
32 176 43 176 43 210 32 210 Person 0
39 174 55 174 55 210 39 210 Person 0
77 173 82 173 82 205 77 205 Person 0
83 167 93 167 93 205 83 205 Person 0
91 163 106 163 106 203 91 203 Person 0
105 170 123 170 123 201 105 201 Person 0
125 161 136 161 136 203 125 203 Person 0
136 162 151 162 151 199 136 199 Person 0
174 157 209 157 209 198 174 198 Person 0
221 156 236 156 236 194 221 194 Person 0
232 155 248 155 248 192 232 192 Person 0
246 155 256 155 256 189 246 189 Person 0