2 42 33 42 33 152 2 152 Person 0
29.999999999999996 58 51 58 51 119 29.999999999999996 119 Person 0
49 53 77 53 77 142 49 142 Person 0
136 62.99999999999999 161 62.99999999999999 161 119 136 119 Person 0
185 56 195 56 195 73 185 73 Person 0
196 58 204 58 204 70 196 70 Person 0
211 52 223 52 223 70 211 70 Person 0
219 47 238.99999999999997 47 238.99999999999997 74 219 74 Person 0
260 61 282 61 282 80 260 80 Person 0
281 54.00000000000001 297 54.00000000000001 297 82 281 82 Person 0
291 53 306 53 306 77 291 77 Person 0
303 54.00000000000001 316 54.00000000000001 316 74 303 74 Person 0
340 42 396 42 396 224 340 224 Person 0
353 67 362 67 362 83 353 83 Person 0
388 62.99999999999999 416 62.99999999999999 416 283 388 283 Person 0
389 79 400 79 400 89 389 89 Person 0