0 177 9 177 9 203 0 203 Person 0
0 172 13 172 13 230 0 230 Person 0
34 182 57.00000000000001 182 57.00000000000001 236 34 236 Person 0
102 191 114.00000000000001 191 114.00000000000001 243 102 243 Person 0
118 195 141 195 141 252.99999999999997 118 252.99999999999997 Person 0
141 207 152 207 152 255.00000000000003 141 255.00000000000003 Person 0
146 203 177 203 177 260 146 260 Person 0
176 202 202 202 202 270 176 270 Person 0
200 208 230 208 230 269 200 269 Person 0
229.00000000000003 208 273 208 273 294 229.00000000000003 294 Person 0
280 205 315 205 315 302 280 302 Person 0
322 216.00000000000003 354 216.00000000000003 354 315 322 315 Person 0
345 221 392 221 392 318 345 318 Person 0
377 222 416 222 416 345 377 345 Person 0