0 190 57.00000000000001 190 57.00000000000001 277 0 277 Person 0
2 134 138 134 138 416 2 416 Person 0
18 192 51 192 51 238 18 238 Person 0
133 174 155 174 155 204 133 204 Person 0
162 171 181 171 181 203 162 203 Person 0
206 172 221 172 221 200 206 200 Person 0
221 175 252.99999999999997 175 252.99999999999997 267 221 267 Person 0
249 182 270 182 270 212.99999999999997 249 212.99999999999997 Person 0
271 175 297 175 297 209 271 209 Person 0
331 193 388 193 388 352 331 352 Person 0
368 140 397 140 397 191 368 191 Person 0