272 231 332 231 332 408 272 408 Person 0
0 228.00000000000003 29.999999999999996 228.00000000000003 29.999999999999996 415 0 415 Person 0
12 235 61 235 61 416 12 416 Person 0
138 224 175 224 175 408 138 408 Person 0
155 230 168 230 168 268 155 268 Person 0
162 187 200 187 200 403 162 403 Person 0
187 119.99999999999999 232 119.99999999999999 232 320 187 320 Person 0
194 197 252.99999999999997 197 252.99999999999997 399 194 399 Person 0
232 244 285 244 285 400 232 400 Person 0
349 234 398 234 398 386 349 386 Person 0
391 220 416 220 416 389 391 389 Person 0