172 251.99999999999997 225 251.99999999999997 225 380 172 380 Person 0
4 262 29 262 29 407 4 407 Person 0
26 187 37 187 37 220 26 220 Person 0
29 234 79 234 79 400 29 400 Person 0
87 189 98 189 98 235 87 235 Person 0
119.99999999999999 194 128 194 128 238.99999999999997 119.99999999999999 238.99999999999997 Person 0
143 197 154 197 154 251.99999999999997 143 251.99999999999997 Person 0
198 196 212 196 212 252.99999999999997 198 252.99999999999997 Person 0
212 191 221 191 221 256 212 256 Person 0
294 225 312 225 312 306 294 306 Person 0
307 207 319 207 319 247 307 247 Person 0
317 238 335 238 335 296 317 296 Person 0
333 205 344 205 344 294 333 294 Person 0
346 194 369 194 369 291 346 291 Person 0
369 202 384 202 384 238 369 238 Person 0
372 190 384 190 384 212.99999999999997 372 212.99999999999997 Person 0
384 187 403 187 403 288 384 288 Person 0