224 170 264 170 264 315 224 315 Person 0
24 165 88 165 88 351 24 351 Person 0
99 161 159 161 159 338 99 338 Person 0
165 152 184 152 184 198 165 198 Person 0
172 192 201 192 201 249 172 249 Person 0
180 161 196 161 196 188 180 188 Person 0
198 159 221 159 221 197 198 197 Person 0
221 156 237 156 237 188 221 188 Person 0
246 143 258 143 258 198 246 198 Person 0
283 143 303 143 303 207 283 207 Person 0
324 149 339 149 339 209 324 209 Person 0
326 162 374 162 374 300 326 300 Person 0
365 168 395 168 395 271 365 271 Person 0
391 174 410 174 410 225.99999999999997 391 225.99999999999997 Person 0