0 0 151 0 151 42 0 42 Person 0
146 183 162 183 162 249 146 249 Person 0
155 270 169 270 169 349 155 349 Person 0
157 273 176 273 176 361 157 361 Person 0
165 244 187 244 187 318 165 318 Person 0
167 0 248 0 248 43 167 43 Person 0
182 292 213.99999999999997 292 213.99999999999997 369 182 369 Person 0
197 197 211 197 211 266 197 266 Person 0
250 256 269 256 269 330 250 330 Person 0
251 0 363 0 363 46 251 46 Person 0
278 121.00000000000001 288 121.00000000000001 288 168 278 168 Person 0
288 99 306 99 306 140 288 140 Person 0
292 162 301 162 301 222 292 222 Person 0
296 251.99999999999997 314 251.99999999999997 314 320 296 320 Person 0
317 72 326 72 326 103 317 103 Person 0
328 72 336 72 336 108.00000000000001 328 108.00000000000001 Person 0
332 81 341 81 341 109 332 109 Person 0
347 4 416 4 416 65 347 65 Person 0
366 166 378 166 378 239.99999999999997 366 239.99999999999997 Person 0