211 0 358 0 358 413 211 413 Person 0
0 108.00000000000001 35 108.00000000000001 35 217 0 217 Person 0
0 210 46 210 46 416 0 416 Person 0
12 104 44 104 44 237 12 237 Person 0
45 148 90 148 90 258 45 258 Person 0
54.00000000000001 129 72 129 72 153 54.00000000000001 153 Person 0
86 121.00000000000001 106 121.00000000000001 106 226.99999999999997 86 226.99999999999997 Person 0
95 150 168 150 168 265 95 265 Person 0
119.99999999999999 125 145 125 145 163 119.99999999999999 163 Person 0
189 89 225 89 225 277 189 277 Person 0
230 138 251.99999999999997 138 251.99999999999997 265 230 265 Person 0
243 132 269 132 269 255.00000000000003 243 255.00000000000003 Person 0