0 174 76 174 76 415 0 415 Person 0
0 41 98 41 98 71 0 71 Person 0
9 87 43 87 43 172 9 172 Person 0
14 59.99999999999999 32 59.99999999999999 32 119.99999999999999 14 119.99999999999999 Person 0
25 103 62 103 62 247 25 247 Person 0
47 184 139 184 139 416 47 416 Person 0
55 65 74 65 74 144 55 144 Person 0
73 56 83 56 83 109 73 109 Person 0
74 72 110 72 110 235 74 235 Person 0
112.99999999999999 127.00000000000001 138 127.00000000000001 138 283 112.99999999999999 283 Person 0
122 87 135 87 135 125 122 125 Person 0
131 61 217 61 217 87 131 87 Person 0
135 78 137 78 137 91 135 91 Person 0
137 89 157 89 157 127.00000000000001 137 127.00000000000001 Person 0
140 199 299 199 299 416 140 416 Person 0
193 91 212 91 212 131 193 131 Person 0
206 172 220 172 220 187 206 187 Person 0
210 156 218 156 218 177 210 177 Person 0
212.99999999999997 92 222 92 222 150 212.99999999999997 150 Person 0
223 119 248 119 248 197 223 197 Person 0
237 81 238.99999999999997 81 238.99999999999997 104 237 104 Person 0
241.00000000000003 81 244 81 244 101 241.00000000000003 101 Person 0
245 92 252.99999999999997 92 252.99999999999997 110 245 110 Person 0
246 118 289 118 289 323 246 323 Person 0
252.99999999999997 100 258 100 258 114.00000000000001 252.99999999999997 114.00000000000001 Person 0
256 183 308 183 308 347 256 347 Person 0
264 95 267 95 267 117 264 117 Person 0
272 89 279 89 279 112 272 112 Person 0
282 86 285 86 285 105 282 105 Person 0
283 125 297 125 297 210 283 210 Person 0
287 106 292 106 292 117 287 117 Person 0
291 224 395 224 395 415 291 415 Person 0
293 112 301 112 301 139 293 139 Person 0
300 142 323 142 323 221 300 221 Person 0
311 100 317 100 317 131 311 131 Person 0
320 112.99999999999999 334 112.99999999999999 334 164 320 164 Person 0
321 99 326 99 326 119.99999999999999 321 119.99999999999999 Person 0
324 174 351 174 351 218 324 218 Person 0
331 106 333 106 333 112 331 112 Person 0
334 99 337 99 337 119.99999999999999 334 119.99999999999999 Person 0
340 151 384 151 384 224 340 224 Person 0
343 185 392 185 392 276 343 276 Person 0
347 133 384 133 384 201 347 201 Person 0
358 249 416 249 416 330 358 330 Person 0
387 281 415 281 415 415 387 415 Person 0