20 65 35 65 35 77 20 77 Person 0
21 59.99999999999999 29 59.99999999999999 29 78 21 78 Person 0
35 69 42 69 42 78 35 78 Person 0
47 72 57.00000000000001 72 57.00000000000001 88 47 88 Person 0
54.00000000000001 67 73 67 73 95 54.00000000000001 95 Person 0
79 70 97 70 97 94 79 94 Person 0
142 73 150 73 150 94 142 94 Person 0
201 73 217 73 217 118 201 118 Person 0
217 67 238.99999999999997 67 238.99999999999997 125 217 125 Person 0
217 67 295 67 295 182 217 182 Person 0
269 125 298 125 298 175 269 175 Person 0