105 112.99999999999999 150 112.99999999999999 150 217 105 217 Person 0
0 300 18 300 18 345 0 345 Person 0
28 296 78 296 78 350 28 350 Person 0
82 304 93 304 93 344 82 344 Person 0
90 304 104 304 104 341 90 341 Person 0
108.00000000000001 303 117 303 117 340 108.00000000000001 340 Person 0
281 315 299 315 299 385 281 385 Person 0
296 315 308 315 308 378 296 378 Person 0
334 322 356 322 356 414 334 414 Person 0
346 320 387 320 387 416 346 416 Person 0
375 308 408 308 408 414 375 414 Person 0
398 306 415 306 415 414 398 414 Person 0