0 48 10 48 10 62.99999999999999 0 62.99999999999999 Person 0
0 57.00000000000001 21 57.00000000000001 21 74 0 74 Person 0
25 43 41 43 41 65 25 65 Person 0
28 160 48 160 48 199 28 199 Person 0
54.00000000000001 155 73 155 73 193 54.00000000000001 193 Person 0
71 154 98 154 98 196 71 196 Person 0
85 153 105 153 105 189 85 189 Person 0
86 41 102 41 102 67 86 67 Person 0
106.99999999999999 40 112 40 112 56 106.99999999999999 56 Person 0
111 38 124 38 124 57.00000000000001 111 57.00000000000001 Person 0
119.99999999999999 47 138 47 138 72 119.99999999999999 72 Person 0
125 41 137 41 137 53 125 53 Person 0
151 219 193 219 193 251.99999999999997 151 251.99999999999997 Person 0
180 42 188 42 188 66 180 66 Person 0
192 49 207 49 207 70 192 70 Person 0
207 43 224 43 224 62.99999999999999 207 62.99999999999999 Person 0
251 135 259 135 259 143 251 143 Person 0
267 38 279 38 279 59.99999999999999 267 59.99999999999999 Person 0
276 33 288 33 288 61 276 61 Person 0
283 40 298 40 298 59.99999999999999 283 59.99999999999999 Person 0
296 36 300 36 300 47 296 47 Person 0
310 125 328 125 328 159 310 159 Person 0
340 31 359 31 359 55 340 55 Person 0
358 138 376 138 376 165 358 165 Person 0
373 140 402 140 402 163 373 163 Person 0
391 139 416 139 416 161 391 161 Person 0