0 187 17 187 17 230 0 230 Person 0
3 194 38 194 38 346 3 346 Person 0
19 174 37 174 37 277 19 277 Person 0
42 197 68 197 68 316 42 316 Person 0
64 187 83 187 83 296 64 296 Person 0
69 187 110 187 110 320 69 320 Person 0
110 186 133 186 133 273 110 273 Person 0
130 189 159 189 159 282 130 282 Person 0
260 188 270 188 270 232 260 232 Person 0
271 190 280 190 280 239.99999999999997 271 239.99999999999997 Person 0
276 193 291 193 291 238 276 238 Person 0
295 192 304 192 304 229.00000000000003 295 229.00000000000003 Person 0
313 192 323 192 323 225 313 225 Person 0