49 161 88 161 88 286 49 286 Person 0
92 154 124 154 124 264 92 264 Person 0
139 159 162 159 162 263 139 263 Person 0
148 172 184 172 184 283 148 283 Person 0
184 153 198 153 198 260 184 260 Person 0
187 147 218 147 218 285 187 285 Person 0
211 153 217 153 217 178 211 178 Person 0
220 155 235 155 235 259 220 259 Person 0
229.00000000000003 157 260 157 260 284 229.00000000000003 284 Person 0
250 154 269 154 269 257 250 257 Person 0
261 157 297 157 297 285 261 285 Person 0
284 160 305 160 305 260 284 260 Person 0
297 150 328 150 328 286 297 286 Person 0
315 161 335 161 335 261 315 261 Person 0
357 160 401 160 401 262 357 262 Person 0