8 363 29 363 29 407 8 407 Person 0
32 278 148 278 148 333 32 333 Person 0
36 381 67 381 67 416 36 416 Person 0
145 378 155 378 155 409 145 409 Person 0
174 374 188 374 188 416 174 416 Person 0
174 174 254.00000000000003 174 254.00000000000003 315 174 315 Person 0
189 379 199 379 199 416 189 416 Person 0
203 377 210 377 210 415 203 415 Person 0
209 376 215.00000000000003 376 215.00000000000003 416 209 416 Person 0
272 375 282 375 282 416 272 416 Person 0
313 375 323 375 323 411 313 411 Person 0
346 372 353 372 353 397 346 397 Person 0
355 372 367 372 367 388 355 388 Person 0