176 161 235 161 235 400 176 400 Person 0
31 195 52 195 52 264 31 264 Person 0
58 216.00000000000003 64 216.00000000000003 64 239.99999999999997 58 239.99999999999997 Person 0
98 213.99999999999997 106 213.99999999999997 106 241.00000000000003 98 241.00000000000003 Person 0
104 220 111 220 111 242.00000000000003 104 242.00000000000003 Person 0
143 224 149 224 149 243 143 243 Person 0
157 215.00000000000003 168 215.00000000000003 168 247 157 247 Person 0
166 213.99999999999997 175 213.99999999999997 175 242.00000000000003 166 242.00000000000003 Person 0
175 213.99999999999997 183 213.99999999999997 183 242.00000000000003 175 242.00000000000003 Person 0
226.99999999999997 213.99999999999997 233 213.99999999999997 233 252.99999999999997 226.99999999999997 252.99999999999997 Person 0
232 211 241.00000000000003 211 241.00000000000003 255.00000000000003 232 255.00000000000003 Person 0
250 213.99999999999997 260 213.99999999999997 260 242.00000000000003 250 242.00000000000003 Person 0
283 220 289 220 289 238.99999999999997 283 238.99999999999997 Person 0
291 228.00000000000003 294 228.00000000000003 294 241.00000000000003 291 241.00000000000003 Person 0
296 228.00000000000003 323 228.00000000000003 323 259 296 259 Person 0
305 226.99999999999997 317 226.99999999999997 317 267 305 267 Person 0
322 235 354 235 354 280 322 280 Person 0
326 199 338 199 338 278 326 278 Person 0
349 225.99999999999997 386 225.99999999999997 386 277 349 277 Person 0
359 225.99999999999997 382 225.99999999999997 382 275 359 275 Person 0
369 208 385 208 385 291 369 291 Person 0
388 219 415 219 415 291 388 291 Person 0