0 154 12 154 12 229.00000000000003 0 229.00000000000003 Person 0
13 122 36 122 36 238.99999999999997 13 238.99999999999997 Person 0
35 127.00000000000001 54.00000000000001 127.00000000000001 54.00000000000001 203 35 203 Person 0
39 173 105 173 105 363 39 363 Person 0
59 105 201 105 201 404 59 404 Person 0
149 171 190 171 190 336 149 336 Person 0
191 164 229.00000000000003 164 229.00000000000003 306 191 306 Person 0
228.00000000000003 148 261 148 261 296 228.00000000000003 296 Person 0
251 155 318 155 318 331 251 331 Person 0
255.00000000000003 158 276 158 276 276 255.00000000000003 276 Person 0
283 122 297 122 297 155 283 155 Person 0
314 108.00000000000001 333 108.00000000000001 333 159 314 159 Person 0
323 123 367 123 367 259 323 259 Person 0
367 119 381 119 381 161 367 161 Person 0
371 140 388 140 388 183 371 183 Person 0
382 112.99999999999999 416 112.99999999999999 416 290 382 290 Person 0