68 251.99999999999997 78 251.99999999999997 78 285 68 285 Person 0
76 251 86 251 86 288 76 288 Person 0
159 260 167 260 167 289 159 289 Person 0
199 258 207 258 207 273 199 273 Person 0
205 260 209 260 209 271 205 271 Person 0
211 265 216.00000000000003 265 216.00000000000003 275 211 275 Person 0
221 257 224 257 224 269 221 269 Person 0
232 259 234 259 234 268 232 268 Person 0
235 260 238 260 238 269 235 269 Person 0
242.00000000000003 260 246 260 246 272 242.00000000000003 272 Person 0
245 261 247 261 247 268 245 268 Person 0
256 262 258 262 258 269 256 269 Person 0
260 260 263 260 263 271 260 271 Person 0
263 262 265 262 265 268 263 268 Person 0
287 262 292 262 292 274 287 274 Person 0
290 259 297 259 297 276 290 276 Person 0
316 264 319 264 319 274 316 274 Person 0
322 263 333 263 333 289 322 289 Person 0
331 261 338 261 338 290 331 290 Person 0
344 263 349 263 349 292 344 292 Person 0
349 267 353 267 353 283 349 283 Person 0
357 266 364 266 364 283 357 283 Person 0
364 265 371 265 371 284 364 284 Person 0
375 268 383 268 383 285 375 285 Person 0
402 275 413 275 413 287 402 287 Person 0
408 268 416 268 416 316 408 316 Person 0