0 71 90 71 90 93 0 93 Person 0
6 193 14 193 14 219 6 219 Person 0
13 179 24 179 24 222 13 222 Person 0
24 182 39 182 39 234 24 234 Person 0
37 185 48 185 48 218 37 218 Person 0
70 186 81 186 81 211 70 211 Person 0
77 181 84 181 84 204 77 204 Person 0
86 79 175 79 175 96 86 96 Person 0
100 182 114.00000000000001 182 114.00000000000001 228.00000000000003 100 228.00000000000003 Person 0
105 115 112 115 112 128 105 128 Person 0
109 139 116 139 116 158 109 158 Person 0
114.00000000000001 182 119.99999999999999 182 119.99999999999999 210 114.00000000000001 210 Person 0
124 185 129 185 129 204 124 204 Person 0
124 182 142 182 142 247 124 247 Person 0
134 185 141 185 141 220 134 220 Person 0
144 188 149 188 149 202 144 202 Person 0
151 190 168 190 168 226.99999999999997 151 226.99999999999997 Person 0
174 82 235 82 235 100 174 100 Person 0
182 179 194 179 194 224 182 224 Person 0
194 122 197 122 197 136 194 136 Person 0
194 195 204 195 204 222 194 222 Person 0
198 119 203 119 203 134 198 134 Person 0
202 179 208 179 208 201 202 201 Person 0
203 111 210 111 210 119.99999999999999 203 119.99999999999999 Person 0
207 172 235 172 235 257 207 257 Person 0
230 114.00000000000001 233 114.00000000000001 233 123 230 123 Person 0
233 177 247 177 247 220 233 220 Person 0
239.99999999999997 125.99999999999999 245 125.99999999999999 245 136 239.99999999999997 136 Person 0
247 197 255.00000000000003 197 255.00000000000003 236 247 236 Person 0
248 181 261 181 261 211 248 211 Person 0
250 138 255.00000000000003 138 255.00000000000003 153 250 153 Person 0
250 89 337 89 337 103 250 103 Person 0
255.00000000000003 174 274 174 274 239.99999999999997 255.00000000000003 239.99999999999997 Person 0
256 136 262 136 262 151 256 151 Person 0
272 183 279 183 279 231 272 231 Person 0
277 182 289 182 289 215.00000000000003 277 215.00000000000003 Person 0
287 195 297 195 297 222 287 222 Person 0
292 124 300 124 300 134 292 134 Person 0
296 171 306 171 306 238.99999999999997 296 238.99999999999997 Person 0
305 155 349 155 349 325 305 325 Person 0
331 157 385 157 385 327 331 327 Person 0
380 155 416 155 416 327 380 327 Person 0