162 272 186 272 186 392 162 392 Person 0
14.999999999999998 274 29 274 29 329 14.999999999999998 329 Person 0
37 270 46 270 46 310 37 310 Person 0
37 275 43 275 43 303 37 303 Person 0
51 264 65 264 65 331 51 331 Person 0
67 272 75 272 75 317 67 317 Person 0
75 271 86 271 86 328 75 328 Person 0
85 269 96 269 96 327 85 327 Person 0
95 269 105 269 105 328 95 328 Person 0
129 273 143 273 143 320 129 320 Person 0
153 271 163 271 163 332 153 332 Person 0
184 202 191 202 191 225 184 225 Person 0
185 271 199 271 199 365 185 365 Person 0
196 322 210 322 210 400 196 400 Person 0
203 272 212 272 212 320 203 320 Person 0
220 278 238.99999999999997 278 238.99999999999997 406 220 406 Person 0
232 266 246 266 246 387 232 387 Person 0
246 178 254.00000000000003 178 254.00000000000003 206 246 206 Person 0
298 167 306 167 306 190 298 190 Person 0
306 161 311 161 311 194 306 194 Person 0
320 265 334 265 334 325 320 325 Person 0
331 271 346 271 346 330 331 330 Person 0
342 263 356 263 356 323 342 323 Person 0
363 260 398 260 398 404 363 404 Person 0